<?xml version="1.0"?>
<opencv_storage>
<mtx type_id="opencv-matrix">
  <rows>3</rows>
  <cols>3</cols>
  <dt>d</dt>
  <data>
    6.9249872750261341e+02 0. 6.2382772967215351e+02 0.
    7.0221752163847748e+02 3.5110537076925397e+02 0. 0. 1.</data></mtx>
<dist type_id="opencv-matrix">
  <rows>1</rows>
  <cols>5</cols>
  <dt>d</dt>
  <data>
    -3.2179997498195945e-01 1.4861209661368249e-01
    1.8719379069612131e-03 -5.8107636607544391e-03
    -4.1583078594129678e-02</data></dist>
</opencv_storage>
