<?xml version="1.0"?>
<opencv_storage>
<mtx type_id="opencv-matrix">
  <rows>3</rows>
  <cols>3</cols>
  <dt>d</dt>
  <data>
    4.1154872630191949e+03 0. 3.2553764645753091e+02 0.
    4.7441870229427141e+03 5.7640200635800954e+02 0. 0. 1.</data></mtx>
<dist type_id="opencv-matrix">
  <rows>1</rows>
  <cols>5</cols>
  <dt>d</dt>
  <data>
    -5.0798877788974481e+00 -3.8602128955322092e+02
    -4.5706179710209210e-01 6.8133387537299028e-01
    6.7650373550032091e+03</data></dist>
</opencv_storage>
